2.873895330429077
2.825413390159607
2.7786673748493196
2.686912627220154
2.551266033351421
2.4611722146868704
2.3560592794418334
2.276959122955799
2.235151706635952
2.2315551976561547
2.16793165640533
2.122902388483286
2.034034821525216
2.055333305247128
1.9754494360759853
1.982649447619915
1.9012816888913513
1.8866924603134394
1.8652928181784227
1.8550826445668935
1.8473845771029591
1.8245020727403463
1.750925776194781
1.7535456766299904
1.778607842028141
1.7746240571439267
1.6558143272753805
1.7296070134267212
1.7015450881943106
1.6603328835759312
1.6690786322467028
1.6555132312104106
1.690146741077304
1.5762302018608898
1.6361126343188808
1.6610056589820306
1.5289803610797972
1.4976274751881138
1.5897797468607313
1.5554460486769677
1.5093184341068264
1.5486873593674972
1.6073877498153597
1.5801897737067192
1.5012521751048042
1.4614211546769367
1.4924851748335641
1.5180249060222413
1.493589551249752
1.4443311622263864
1.4495768033857457
1.3927402846273034
1.5035821270041487
1.4813211147224066
1.468890321591869
1.4294658467560075
1.5111554858540184
1.4710026692850515
1.4225826300468178
1.444433116721455
1.4141554717754479
1.4197060771151446
1.4814801050497335
1.4286565685109236
1.4003259964960162
1.3596345568061807
1.3995475447205827
1.4664906485923566
1.3618812956511974
1.4024025229084656
1.3807567743486142
1.3770633843134619
1.4086956342060584
1.33366462488065
1.3207948998089414
1.3423200323611963
1.3376036782329903
1.3560152997716797
1.2946305102877669
1.3516540175322442
1.3393035453835036
1.3110385512948268
1.2726405112580397
1.2953856582295267
1.3124847014017287
1.3417708770893515
1.318604581031017
1.3098936755329196
1.281451813073014
1.3284165485371924
1.310584482772276
1.3270978730937932
1.3094201565624681
1.246152627747775
1.3093803759834257
1.2512731194519437
1.3081415630939883
1.3109162793478755
1.310066204428731
1.3066775161811093
