2.8927463841438295
2.8299319643974306
2.787790242433548
2.7415401935577393
2.687389408111572
2.615764852643013
2.5168406134843826
2.4462618861198426
2.3521484567523
2.278088076621294
2.2270418716967106
2.1552639956474304
2.125699977308512
2.088783173978329
2.006264035508037
2.0070492188334463
1.8870104492008686
1.9183588275909425
1.881883145183325
1.866639762237668
1.8186035453006626
1.737259601995349
1.7729873972907662
1.740784131243825
1.68682467212528
1.7345122560970485
1.6872618377655744
1.6530548501312732
1.6242290809880942
1.6466778204925359
1.6801050744056703
1.6662985256053506
1.5607490863166749
1.6012188353901728
1.5590665679359808
1.51212311567273
1.5392505821343512
1.5377910788524896
1.54082891002018
1.5387110209758394
1.5019966806448064
1.5116943972841836
1.480472425373504
1.4247313012215308
1.4735130408322439
1.4694692010162398
1.4166871953210793
1.4538940201436634
1.4609562371936626
1.4415546510186978
1.4049373580166138
1.435258942268323
1.383947690225672
1.3952384197297507
1.2950505520494189
1.3903684193287045
1.409582963116467
1.4223630497972481
1.3742528334916568
1.3667595747695305
1.4020587016309145
1.3738217472960241
1.3300125970286316
1.3589607439280953
1.413325081636198
1.2621885508196429
1.2784038364060106
1.2866791299852776
1.2932363601677352
1.2385485777923022
1.224586801352154
1.2860565368594834
1.267610668991052
1.2880521536062006
1.2296794917552034
1.1702262303307944
1.29315267386497
1.1684346486537251
1.1669068320637452
1.2075749115794314
1.2195566329383292
1.2031200486000162
1.1834415282353292
1.1766397784427391
1.1457702075854177
1.1617416241785976
1.1686875649060822
1.2072439682616387
1.2230955203517224
1.1560739519126946
1.1786479618559824
1.181882489521464
1.1963152241497883
1.1717666659699753
1.1115232577794814
1.1334329090823303
1.169160383566108
1.1615206377934664
1.1054248730684921
1.1308449324660468
