2.9077774562835694
2.8626712543964388
2.830334495306015
2.8021186525821684
2.76438833963871
2.72414452958107
2.6802450087070464
2.636977816104889
2.601502087831497
2.5830939445197583
2.5408894092440604
2.489054060459137
2.4895642530322073
2.4367557224929333
2.391928009092808
2.3504558816254137
2.3197661812901496
2.28775082603097
2.2362960955798625
2.2312920206189157
2.2374881156533957
2.1565255888104438
2.114614781841636
2.1188908434286713
2.068636683657765
2.0239315066114067
1.9763081079795957
1.9429650873169302
1.9390948875714094
1.930138985902071
1.8950305663235485
1.8062657605335117
1.7861709789186717
1.832587003801018
1.82155413101241
1.7571781257018446
1.7570109812449664
1.6990983356963842
1.7149807736855
1.6279442733218894
1.6323916791006923
1.6145242138952016
1.5674502560980619
1.611204878331162
1.6112714051492512
1.55391263397038
1.554672785209492
1.5282670768066309
1.5699475747253746
1.5295596380094065
1.513567531961482
1.4672744123083539
1.4676857394450344
1.5483426970206202
1.467174346311949
1.4776904530380852
1.4280929400194435
1.4185838321980555
1.4908095418517477
1.4497440943284892
1.4093322579890954
1.4885855765349698
1.454666372015141
1.4115499149169772
1.3767824436626397
1.3804315553253983
1.3872617305715103
1.3500642948311288
1.3041392964529805
1.3804558498575352
1.3542556650456972
1.299036759444978
1.3533536342307926
1.2758837833753787
1.298838979118038
1.330742935564951
1.2871888615544886
1.2727883346376474
1.2415825870751287
1.2890804217350669
1.289749725166359
1.2725656134532763
1.2620913604570088
1.2529203493606764
1.2127143838289194
1.2155565609283512
1.2740846583516687
1.2588900532686385
1.2792408824705053
1.2553641242693412
1.176444373686565
1.2250612668384564
1.2087898624357767
1.1965703368033282
1.155218495478999
1.1509595673307778
1.2637537726158043
1.1692907980477902
1.1042814071025933
1.2382995141246356
